157
319
79
307
221
251
205
366
286
242
97
321
160
43
87
335
118
209
389
308
307
356
140
367
379
34
265
139
8
25
388
340
215
304
267
15
372
288
295
141
66
352
132
357
274
235
343
369
325
364
86
368
352
172
112
122
90
110
166
362
50
304
374
153
147
92
97
292
317
298
380
208
96
293
386
303
53
31
81
327
302
63
81
50
21
28
-1
237
65
365
143
231
274
212
121
230
299
14
333
349
391
361
266
65
355
259
251
280
131
29
89
204
112
287
188
377
134
173
-1
239
93
193
121
73
16
278
255
73
250
131
80
273
102
35
350
37
144
237
115
115
75
1
132
174
367
279
274
309
366
81
219
361
349
230
109
196
339
116
273
55
196
289
88
48
144
372
248
327
133
263
103
29
258
115
36
373
106
304
62
250
83
170
157
130
255
135
54
2
309
45
288
179
283
189
37
153
262
52
21
312
177
235
211
144
355
67
210
238
331
39
67
90
116
351
325
14
311
334
88
244
269
287
160
173
154
61
5
152
294
259
367
323
124
2
337
257
160
287
271
13
274
247
227
-1
122
262
72
266
261
354
62
331
361
157
347
295
93
220
197
375
325
262
374
349
255
310
105
188
318
349
164
238
215
231
280
333
45
204
325
255
57
98
6
229
233
190
23
256
89
252
295
175
381
359
133
87
379
353
73
312
361
304
132
224
248
191
261
84
346
149
258
270
23
225
7
3
240
354
69
195
255
62
352
359
190
378
346
287
73
66
250
50
378
64
184
366
245
157
174
97
226
13
325
142
14
80
279
355
136
306
279
361
300
323
236
40
97
235
355
22
187
234
233
326
210
291
105
215
372
82
160
271
177
281
85
103
6
340
128
210
100
29
355
212
383
137
17
2
117
328
186
76
369
33
284
37
346
190
311
231
297
38
378
109
323
298
69
304
392
136
182
261
240
32
54
45
232
267
124
307
15
159
181
123
2
50
33
314
364
25
210
371
155
255
215
328
368
315
152
323
298
339
285
206
200
268
302
55
78
337
73
125
355
191
79
263
88
311
56
224
349
269
333
309
236
305
113
352
71
177
259
130
243
322
159
157
239
360
352
184
116
98
120
299
194
343
117
1
115
260
70
383
45
82
214
186
356
162
335
269
138
182
286
216
107
277
94
87
205
137
37
351
208
72
175
273
154
170
240
43
63
125
182
298
383
8
359
15
73
311
29
163
240
225
321
28
190
143
366
360
76
371
328
203
-1
114
104
14
140
114
270
249
173
398
370
105
116
291
2
355
354
255
370
348
219
331
45
344
184
363
382
75
144
251
246
151
277
260
277
358
270
185
70
133
72
9
167
154
51
57
212
98
216
337
166
190
185
352
106
111
183
234
205
261
393
155
128
296
213
39
129
17
207
170
55
93
3
189
316
66
370
116
77
44
246
271
315
290
258
36
343
152
56
156
392
283
45
-1
123
106
259
285
106
125
32
265
131
98
51
233
33
307
102
57
320
239
356
14
298
292
327
276
151
136
16
227
27
44
42
355
267
142
320
286
296
149
336
281
2
291
387
67
253
144
215
258
294
-1
214
192
53
183
307
158
213
287
163
299
259
322
227
13
316
215
171
165
379
101
159
282
35
205
175
377
116
189
321
254
217
370
78
215
85
344
177
218
397
12
128
207
288
189
200
49
113
8
156
249
140
86
21
130
328
192
131
302
396
231
135
216
301
40
47
298
84
105
290
125
378
276
317
131
270
111
243
255
152
202
186
388
86
377
330
195
20
19
250
252
113
127
291
101
279
243
4
337
326
67
18
165
334
377
335
305
193
5
14
128
11
360
204
107
213
387
36
271
337
154
78
322
92
357
36
1
58
64
258
393
345
303
133
352
24
344
166
374
195
366
17
279
329
339
114
260
313
41
339
118
101
65
330
127
372
358
61
66
182
178
338
357
203
299
392
105
81
361
211
138
182
174
335
235
246
15
53
36
371
398
354
57
275
48
108
271
284
135
286
338
385
317
326
294
291
261
396
281
338
358
116
338
-1
74
161
160
30
211
40
362
57
198
250
184
55
79
230
40
184
53
159
239
327
258
218
304
75
179
220
48
78
377
37
140
132
167
7
81
58
302
160
153
310
162
297
6
339
285
1
198
219
25
372
162
46
308
271
43
395
313
16
268
303
332
179
37
95
226
170
99
52
24
69
107
273
357
339
245
380
147
308
159
248
71
374
236
178
351
329
313
79
93
97
262
117
238
195
29
383
63
272
384
160
298
395
292
82
95
325
258
368
69
93
207
200
34
170
122
355
20
232
26
299
95
79
269
49
211
37
220
290
310
273
392
54
179
326
201
327
52
250
55
260
43
286
135
119
237
78
222
242
19
208
395
119
144
369
269
66
126
177
130
308
290
198
120
115
210
362
60
253
50
4
51
233
24
40
308
122
336
312
362
196
352
378
239
218
55
210
295
285
55
74
275
163
118
268
103
253
222
69
64
352
111
226
207
326
39
-1
314
390
317
395
169
251
282
294
148
297
293
94
267
226
245
357
25
287
13
341
342
8
276
169
86
293
128
279
194
127
332
201
31
301
371
227
35
138
139
337
375
205
218
100
191
53
312
82
343
388
225
228
52
173
275
17
340
355
308
171
284
223
80
140
289
338
345
376
134
190
260
261
32
360
273
40
357
354
170
61
223
-1
169
151
302
359
161
173
200
323
263
181
13
375
215
112
293
50
279
231
103
94
358
227
258
299
206
143
125
270
189
216
94
146
68
156
168
35
119
285
14
99
265
40
361
331
293
234
14
362
359
253
370
255
153
66
325
388
8
181
340
122
261
221
338
358
303
26
101
363
22
22
195
139
40
175
35
215
254
173
221
90
343
398
398
300
391
369
334
391
31
356
65
364
208
113
269
154
320
258
114
339
80
293
18
390
52
116
118
38
217
357
354
299
265
193
316
86
40
12
264
108
349
34
305
395
223
209
65
53
267
311
378
180
377
78
195
158
11
212
265
39
161
268
359
158
168
10
68
166
385
287
31
325
238
359
345
194
248
333
384
35
162
299
238
276
310
3
209
384
66
152
342
118
8
399
144
145
81
137
111
142
177
362
74
34
290
152
133
25
324
135
60
375
326
61
126
59
349
290
369
164
112
94
189
387
144
182
4
346
270
368
211
300
50
184
116
279
267
74
93
170
184
43
110
119
397
377
116
369
69
186
103
14
39
27
150
370
151
123
3
242
-1
219
49
180
166
1
37
366
107
35
205
210
384
264
228
88
41
40
6
305
154
125
375
200
147
323
69
94
358
301
67
17
298
198
278
77
12
225
295
71
262
396
129
387
49
275
277
225
350
80
128
262
359
128
114
297
194
309
385
11
184
151
180
238
0
360
76
268
311
290
197
3
83
315
208
102
215
56
231
125
214
359
308
326
226
245
5
15
161
156
259
364
114
69
315
177
280
20
365
9
163
215
104
257
162
235
274
96
220
333
360
265
247
31
232
5
295
164
51
265
35
235
300
298
97
257
343
300
8
4
372
236
230
-1
282
133
57
331
135
265
361
113
40
320
244
236
225
321
77
362
344
55
-1
387
65
234
213
35
372
154
116
40
232
123
365
288
390
380
314
360
219
302
126
266
208
302
28
126
231
187
296
120
61
279
69
356
34
321
195
259
208
329
105
98
306
132
362
90
355
399
209
313
214
4
22
14
25
68
399
67
52
109
54
39
169
33
394
222
181
219
90
34
178
246
269
84
115
337
394
178
15
143
159
220
193
144
274
0
282
230
162
74
108
46
389
267
37
16
378
136
276
56
60
202
304
94
347
343
182
159
214
177
39
48
29
189
66
55
303
69
291
274
333
295
208
287
82
275
257
139
110
192
175
304
106
286
137
235
380
185
185
212
136
389
12
281
57
300
321
311
177
24
360
385
391
129
244
45
29
375
163
165
329
54
270
278
164
363
164
64
119
333
135
344
13
208
176
398
39
356
19
358
139
307
270
59
166
354
371
67
219
162
249
101
214
199
293
17
80
336
297
342
388
366
195
344
310
10
267
48
169
316
7
95
258
39
27
220
278
375
221
88
26
291
210
376
189
43
226
284
171
242
306
215
250
258
110
204
46
30
36
237
300
22
20
213
231
391
119
322
396
43
128
243
344
32
281
206
151
310
135
364
180
105
162
269
209
265
160
113
383
85
16
48
120
340
83
224
260
163
358
181
346
107
156
212
367
5
189
153
12
166
399
359
320
283
156
47
112
210
376
9
320
328
67
20
176
174
178
36
256
378
384
115
181
366
348
102
390
379
113
137
187
65
46
65
20
316
70
102
357
10
45
175
143
92
154
147
141
307
313
91
16
340
38
338
113
303
62
193
232
63
116
328
22
46
207
271
144
310
255
180
198
127
161
66
206
380
340
180
144
300
363
176
384
291
336
209
154
395
257
309
192
387
198
97
394
294
170
66
157
396
29
228
143
99
-1
9
79
53
97
310
216
334
79
242
161
231
229
83
181
113
194
248
21
87
123
158
307
115
96
221
157
114
91
0
105
55
236
174
206
376
259
269
226
153
341
182
27
86
94
391
201
100
351
296
136
87
6
162
341
156
289
382
235
37
157
131
76
397
107
184
166
239
228
-1
170
162
206
36
336
161
263
399
266
221
338
78
281
21
179
59
339
3
323
269
147
127
221
234
358
381
170
79
11
106
123
141
388
208
186
172
109
344
27
19
234
-1
5
361
73
164
185
7
319
56
339
4
244
217
331
195
232
199
258
295
224
197
391
258
357
143
51
170
51
72
385
300
64
55
262
256
11
97
258
314
271
114
205
218
272
240
159
75
242
147
82
191
57
98
244
133
70
39
131
132
149
262
114
132
70
61
283
247
141
257
359
103
238
305
0
375
11
58
177
83
71
0
397
295
194
125
144
183
371
354
127
122
167
266
372
192
93
398
40
229
48
388
183
176
261
126
60
128
30
173
343
47
158
128
340
34
313
181
195
251
89
46
227
378
169
261
117
151
353
75
237
282
133
247
22
386
76
261
208
162
392
91
331
386
122
179
172
110
126
236
55
261
256
36
363
43
222
67
378
39
116
60
281
196
127
157
256
315
142
178
150
62
356
126
183
35
384
189
266
274
18
176
51
387
43
300
387
167
93
280
58
177
12
309
353
272
217
246
141
62
0
380
327
333
40
298
129
143
43
20
237
367
342
323
47
270
350
35
398
297
182
138
271
52
335
311
366
228
92
393
138
187
114
365
192
152
59
286
172
245
12
281
35
287
261
267
144
88
279
372
317
47
15
307
273
296
310
264
287
73
33
148
397
37
290
349
134
183
331
338
244
90
14
101
108
51
116
319
36
391
366
134
338
251
10
74
26
10
121
342
286
370
193
117
246
157
50
314
210
258
356
75
98
22
197
49
358
86
310
381
313
370
29
353
51
61
144
391
222
62
379
103
132
88
395
199
207
273
56
78
38
116
276
26
121
119
201
38
14
376
196
318
347
242
19
111
59
241
335
34
357
157
377
93
322
1
246
123
112
197
285
190
135
281
300
128
70
17
81
39
180
124
361
220
213
206
326
45
28
133
242
186
147
360
313
-1
94
358
2
341
20
283
286
165
307
81
335
22
90
209
139
153
251
354
318
330
256
59
93
91
-1
172
252
259
206
310
224
279
371
12
310
156
166
309
63
0
52
301
289
6
246
222
37
128
93
234
51
253
360
127
297
88
300
254
151
286
177
68
210
223
339
309
48
209
325
33
63
172
111
155
286
260
150
278
126
266
160
57
338
217
203
87
372
231
286
347
28
237
137
140
217
330
182
186
254
384
255
324
331
311
143
390
66
352
343
67
100
139
385
2
330
298
59
12
380
209
183
296
28
53
342
132
118
324
198
345
315
313
67
366
250
171
376
283
317
376
57
302
381
280
154
307
69
44
147
183
188
31
23
170
251
200
256
84
329
17
190
153
146
396
209
291
134
163
238
98
80
398
1
174
47
14
117
97
365
157
273
173
372
166
269
299
162
286
380
94
251
266
276
232
58
17
39
340
127
222
371
347
20
297
-1
392
145
295
377
347
317
237
377
191
155
212
268
100
355
300
226
385
394
86
140
191
372
308
57
340
397
366
88
268
0
0
62
199
266
28
321
64
249
244
72
120
337
335
154
69
374
382
55
92
68
329
341
283
367
97
312
109
305
275
249
214
15
259
379
394
74
38
317
205
49
323
120
211
77
86
32
150
97
120
363
125
37
52
85
239
160
95
196
307
393
200
294
74
361
70
309
362
359
301
272
178
303
315
180
373
217
200
125
104
69
12
370
325
389
373
367
296
26
370
34
380
118
363
55
331
243
103
318
143
255
170
269
94
277
101
9
163
262
372
196
42
248
253
175
74
114
254
311
279
13
101
63
151
393
243
29
229
32
44
80
239
364
178
41
65
38
78
33
27
355
215
157
262
128
398
27
3
331
268
239
29
102
380
338
161
279
279
22
227
50
359
64
70
144
369
273
261
106
111
249
340
251
165
362
24
219
91
345
279
100
73
248
350
177
0
336
155
161
61
314
137
69
17
389
104
147
64
112
350
78
316
292
201
393
178
348
41
144
32
356
225
314
99
305
317
1
397
306
348
62
208
43
29
309
323
198
370
38
140
119
326
291
15
123
98
90
196
156
322
287
332
393
198
372
374
396
213
225
85
192
134
90
17
157
313
184
130
148
209
268
213
85
151
254
259
20
330
324
357
286
125
117
248
185
387
243
318
227
239
308
129
92
39
7
98
268
364
80
252
271
320
42
44
310
352
382
147
142
92
184
43
14
39
221
361
133
208
122
45
136
251
80
194
186
373
77
24
24
186
356
338
31
265
399
187
309
254
37
214
335
194
204
103
282
75
39
330
161
225
106
296
51
6
199
313
8
146
326
42
141
49
132
252
175
54
90
298
101
232
125
35
254
346
32
391
106
355
20
132
286
78
137
120
282
139
98
141
357
134
77
164
165
22
328
382
341
192
37
318
265
328
233
316
158
180
175
19
65
127
197
209
171
218
315
129
195
143
127
219
110
121
344
227
183
5
66
120
217
46
76
313
233
300
117
246
119
114
108
74
297
274
295
201
334
245
23
283
215
217
303
160
31
87
216
32
242
78
301
249
127
247
253
7
314
2
288
242
37
59
92
369
398
71
328
136
16
206
114
339
39
248
104
247
20
397
398
46
14
297
39
398
17
327
19
160
208
387
98
55
142
230
19
138
395
376
70
91
180
218
285
259
387
8
82
205
117
365
313
170
140
344
122
298
54
102
96
35
208
170
107
115
11
361
185
234
279
137
-1
36
269
6
250
246
177
104
397
184
91
183
52
252
195
116
246
100
307
326
76
91
62
322
275
282
373
385
382
4
268
374
274
231
182
338
330
112
225
53
142
69
2
140
292
162
265
275
212
321
265
254
289
189
2
217
178
259
341
-1
234
329
10
271
279
71
243
129
220
228
99
153
249
103
381
197
249
211
193
9
60
347
11
343
174
167
242
117
361
123
325
159
47
34
53
313
125
18
338
368
133
386
57
68
325
361
112
26
91
0
106
258
174
368
239
225
73
349
316
148
209
93
230
81
181
66
395
119
202
283
24
14
321
228
381
79
87
112
292
241
275
362
232
40
170
76
33
293
53
191
99
225
43
105
132
9
254
279
54
121
243
19
288
231
34
376
293
320
141
272
372
282
254
314
81
133
233
202
66
63
57
233
243
288
179
259
43
379
304
207
329
311
95
285
148
262
390
156
249
218
205
182
219
147
56
109
296
149
136
153
385
89
111
208
290
390
104
344
335
48
46
377
180
334
163
201
102
123
137
175
359
124
338
388
160
265
196
150
370
293
172
281
385
89
337
150
30
360
343
242
387
311
349
160
146
53
148
194
340
256
148
174
282
147
84
330
96
254
304
366
69
370
355
351
49
173
215
376
81
323
112
237
96
256
-1
223
176
21
198
345
235
267
369
9
296
390
245
299
340
312
98
393
379
269
201
272
369
71
354
5
214
313
240
115
204
122
164
178
130
321
263
370
334
171
123
140
172
397
267
194
141
375
32
48
201
95
165
297
108
389
245
169
185
31
279
125
142
326
253
337
346
120
100
211
87
41
332
351
377
170
207
278
396
124
180
306
96
238
45
6
251
67
258
302
1
92
369
159
176
215
347
83
148
241
372
328
295
8
14
388
384
226
52
319
270
186
257
262
192
200
350
388
125
399
308
156
69
247
369
351
301
58
7
165
23
363
95
220
350
360
208
152
100
399
166
309
87
226
288
294
358
286
210
274
327
19
352
13
171
122
363
5
0
146
224
201
298
236
195
269
345
259
60
350
285
170
106
300
8
395
86
16
285
93
362
204
251
206
336
144
230
70
90
43
16
332
236
88
201
202
144
72
70
307
35
228
367
202
268
157
285
389
39
243
260
4
52
0
356
129
360
258
256
385
307
10
233
-1
272
158
338
117
256
342
151
108
210
1
321
123
370
57
100
77
135
85
39
15
398
274
208
294
48
157
359
16
148
92
131
220
5
339
109
340
314
259
197
142
51
215
182
340
306
178
202
304
306
253
200
124
9
237
139
53
281
200
101
394
173
46
172
184
194
94
233
109
204
50
328
133
372
273
75
82
40
226
79
291
49
268
206
125
325
354
279
63
22
326
203
348
137
56
185
91
334
117
338
151
19
117
193
150
117
314
85
165
36
40
169
56
91
244
17
294
101
335
193
110
162
232
287
71
219
146
243
92
377
366
332
31
272
328
52
377
63
62
207
275
245
15
224
24
45
196
250
11
194
189
378
61
376
393
256
210
290
190
335
316
205
359
341
180
311
382
136
332
168
297
194
127
335
200
133
251
229
396
181
306
146
382
334
396
240
127
2
120
172
208
37
245
270
38
18
144
234
48
42
271
339
318
253
279
358
332
147
263
19
69
246
202
341
250
295
267
121
177
223
1
145
178
112
311
344
169
194
273
222
121
245
353
173
342
188
179
277
228
1
122
119
137
263
51
133
202
161
346
287
331
232
11
70
100
378
17
114
13
164
62
237
277
21
333
113
385
376
56
236
118
379
313
290
71
391
353
399
227
56
330
25
115
-1
171
150
167
308
278
194
74
196
204
207
252
92
159
37
377
389
88
78
104
159
390
188
204
273
10
44
310
275
398
146
352
125
276
296
191
364
10
246
139
224
201
13
5
182
202
380
66
196
310
323
148
284
42
374
251
332
67
165
235
78
278
193
165
287
81
179
99
389
194
323
162
99
201
303
213
74
40
36
257
283
134
169
125
375
122
366
153
114
330
391
399
236
334
247
196
131
193
164
60
239
38
67
271
147
199
346
205
240
55
332
218
183
364
331
88
207
376
319
56
50
207
55
178
152
383
86
148
214
218
138
316
34
220
141
21
132
188
241
84
200
79
270
157
340
229
282
25
39
270
122
373
121
44
128
356
195
216
263
150
349
283
126
149
154
346
312
133
81
396
305
139
388
167
330
56
297
112
248
189
281
281
56
227
192
348
176
200
44
17
284
255
14
206
229
267
131
305
164
326
356
55
362
298
223
382
390
290
206
268
91
147
284
11
185
6
212
274
317
183
90
248
4
86
235
247
90
151
47
25
101
374
93
89
23
151
39
-1
44
281
375
103
327
55
145
328
319
352
53
323
225
216
236
133
356
137
250
236
338
80
109
62
368
262
217
85
383
381
118
101
128
7
80
156
135
103
246
274
181
236
323
41
224
127
136
18
68
244
270
-1
6
271
85
125
218
137
186
258
283
221
17
245
119
127
142
36
368
399
344
355
388
381
152
268
120
262
140
20
379
128
277
270
71
301
395
180
349
158
1
137
117
-1
258
279
87
247
305
79
83
53
344
281
260
86
43
100
231
24
208
209
331
106
68
388
135
253
353
8
177
176
209
386
377
131
314
82
397
82
375
218
114
191
206
282
296
205
335
147
202
98
219
362
370
284
116
57
175
298
50
365
239
52
362
87
78
282
368
116
290
-1
7
342
278
136
242
225
156
241
359
18
118
7
172
133
143
397
237
388
132
376
42
163
198
129
45
283
352
181
145
237
48
39
174
1
154
281
179
394
50
137
271
259
312
349
355
346
21
288
15
103
267
366
30
25
84
176
183
180
75
153
316
34
86
133
212
271
221
127
198
332
314
239
144
193
150
250
47
3
207
236
373
100
345
47
380
27
89
392
287
53
133
103
189
315
244
17
259
13
346
348
41
221
242
364
1
167
322
316
378
108
383
41
244
48
116
118
373
289
154
346
271
291
384
304
40
185
139
267
282
175
312
157
234
101
299
145
161
364
244
108
282
308
120
6
91
2
76
290
205
299
40
276
81
347
110
210
349
15
295
73
203
390
235
189
273
146
133
115
263
141
118
366
70
139
3
352
288
86
224
164
365
11
333
314
189
171
7
377
120
44
329
330
340
341
293
263
16
358
1
148
328
100
57
13
193
302
54
340
250
160
387
3
298
354
235
91
22
99
269
258
171
186
393
222
8
388
7
0
354
206
58
354
90
160
168
23
180
166
337
18
371
342
399
285
297
144
390
36
153
41
216
261
274
170
16
157
196
368
41
150
346
295
394
18
128
70
123
341
359
209
302
365
65
294
187
47
340
70
273
83
147
347
85
269
2
22
45
2
321
218
342
243
207
217
2
83
54
21
319
184
369
225
195
125
126
226
209
351
382
98
68
134
211
262
46
53
254
29
107
166
98
302
61
324
21
28
204
213
319
147
123
382
79
28
166
20
186
173
175
292
120
287
85
340
177
371
288
279
365
155
101
397
98
136
268
71
350
312
60
40
340
138
365
197
325
62
128
315
230
101
81
86
132
68
252
30
120
22
186
16
173
139
139
129
107
68
4
222
155
329
399
201
128
206
44
28
302
120
223
11
81
120
236
223
232
399
113
351
24
158
380
287
354
324
258
108
16
26
171
244
4
236
43
359
346
137
304
210
32
36
70
230
374
339
108
150
27
229
175
139
307
49
300
71
394
222
254
150
311
374
273
131
112
371
151
10
386
271
320
219
52
378
95
135
218
26
235
392
119
236
73
330
307
346
145
142
207
105
250
309
350
161
93
133
116
84
217
249
216
353
361
160
217
71
106
137
316
243
51
223
347
358
322
289
3
100
338
133
127
223
186
291
259
114
111
79
245
223
245
306
354
214
268
48
154
229
232
45
255
2
97
25
119
110
361
215
23
209
378
287
130
74
237
53
278
59
137
318
334
222
45
213
67
361
281
179
365
374
373
295
83
227
40
79
175
272
339
290
108
53
99
2
87
268
4
312
120
310
286
136
291
283
94
238
24
193
125
189
171
273
223
264
326
105
164
275
251
286
331
149
16
79
138
354
328
86
13
96
126
152
44
346
185
242
356
72
334
115
21
383
297
102
21
250
1
38
30
342
216
332
176
146
157
184
331
129
237
139
30
7
392
77
30
238
204
21
177
92
29
114
44
189
76
140
319
139
193
335
236
72
345
23
260
58
393
250
17
319
369
200
208
201
156
227
310
35
392
378
174
142
209
205
33
320
186
292
60
397
229
211
124
395
305
369
11
248
105
47
179
142
88
361
128
367
184
97
26
25
68
12
107
300
314
352
315
61
129
154
382
215
301
75
7
259
96
154
132
17
2
141
65
323
225
52
200
375
181
29
152
264
160
52
73
339
40
394
284
301
396
319
222
298
345
193
216
346
76
270
69
225
292
215
138
287
71
331
101
298
157
144
149
351
89
375
32
268
21
101
201
295
196
167
55
344
158
186
179
133
360
28
309
316
381
91
7
56
212
101
290
80
133
356
5
182
199
358
106
39
293
272
117
105
153
197
251
92
145
298
140
116
290
48
350
86
218
144
287
265
55
84
340
292
227
237
271
306
29
159
42
223
204
197
217
132
125
181
394
152
265
189
344
299
51
354
304
356
145
200
216
236
149
8
92
366
151
94
252
71
53
398
203
66
108
312
199
267
167
94
37
217
217
285
306
374
382
318
328
135
252
361
196
1
105
223
157
331
353
45
173
220
394
341
123
358
124
28
149
285
126
397
150
258
145
363
325
74
322
241
93
23
121
138
82
125
133
92
51
388
256
115
136
101
205
106
144
116
181
136
279
72
385
297
116
232
237
155
137
33
200
241
268
210
213
313
208
106
151
230
289
241
11
101
253
91
274
398
291
193
155
197
93
157
307
112
51
324
350
212
161
257
237
178
64
235
79
183
337
17
329
42
83
44
393
238
161
190
351
129
341
235
397
194
359
179
341
270
189
59
172
338
393
333
98
360
26
61
213
357
67
62
358
32
248
331
389
355
398
327
350
136
83
0
54
70
95
129
66
202
254
336
3
226
-1
154
131
235
124
109
87
91
162
338
290
19
356
142
156
27
215
255
222
55
124
369
232
21
285
211
62
382
383
218
158
297
27
320
244
197
140
181
228
367
163
291
10
244
398
134
309
130
185
186
26
398
151
140
383
95
287
372
260
292
280
15
59
125
196
274
296
390
53
28
238
183
110
24
373
229
343
43
390
247
80
10
395
-1
48
52
370
268
286
120
397
86
381
294
320
231
143
117
349
144
250
82
373
317
375
116
76
224
133
42
182
161
228
46
398
175
389
70
208
222
27
156
141
161
99
329
77
208
370
82
46
217
115
397
276
108
159
6
245
176
371
227
197
354
290
137
295
372
243
335
190
23
309
250
198
100
133
219
363
99
211
190
192
119
132
156
99
272
210
163
150
179
190
215
173
7
153
93
360
382
267
16
319
374
12
139
1
47
318
345
179
78
151
278
383
204
399
217
110
49
329
285
108
122
196
119
22
307
369
285
46
203
311
365
212
143
202
73
362
338
265
133
256
61
227
177
36
320
1
369
299
356
142
14
226
263
10
379
38
92
387
140
251
372
346
66
55
348
52
303
315
371
163
193
391
67
156
4
268
260
319
60
349
173
372
281
243
214
203
208
294
174
84
58
156
167
245
51
236
196
302
96
330
152
318
328
238
263
282
276
241
115
271
281
392
316
156
40
323
220
154
55
253
315
242
175
235
169
57
214
129
344
144
372
176
310
341
323
285
330
31
210
397
373
31
104
319
46
33
131
210
141
7
347
304
20
384
203
212
37
365
5
191
348
69
34
121
33
241
22
259
83
274
226
64
330
5
314
387
21
342
337
232
193
351
220
258
54
190
219
145
284
86
347
61
130
24
67
38
330
76
199
54
66
136
99
36
31
181
197
347
247
395
227
176
23
308
186
77
207
139
95
289
300
106
314
25
25
77
54
11
105
300
282
145
192
396
62
15
357
59
176
35
105
55
366
237
387
364
116
360
395
197
243
20
335
74
164
314
221
30
37
260
6
295
334
33
213
388
44
258
88
92
41
122
376
51
20
38
136
151
190
1
15
59
398
39
250
339
138
155
214
128
118
262
101
326
198
294
318
272
272
3
44
14
4
297
377
53
193
351
330
185
207
341
34
42
126
29
388
353
214
211
277
288
181
365
119
240
231
51
396
172
140
294
247
122
99
254
198
47
383
92
163
29
114
260
175
233
235
45
376
144
100
52
142
279
112
229
304
271
339
130
164
30
92
82
243
143
226
243
296
95
94
285
182
19
288
236
113
52
343
273
362
130
213
158
96
118
178
191
160
83
359
101
187
278
289
318
168
41
23
91
53
312
213
193
314
22
196
347
278
116
377
20
84
127
262
229
28
148
246
216
217
35
363
398
208
10
150
332
92
343
279
270
314
151
360
322
207
192
341
12
306
336
53
291
329
99
8
117
388
84
235
126
364
213
110
56
249
73
261
47
200
398
117
132
384
55
224
262
101
95
302
228
144
54
267
195
250
277
310
74
227
114
313
241
53
227
88
108
358
237
265
293
228
83
180
34
289
59
126
218
237
137
102
157
9
286
29
390
350
397
233
139
181
326
100
88
190
263
72
353
16
356
19
304
22
102
334
379
41
24
50
80
339
132
364
93
325
27
397
315
235
276
259
286
161
42
24
51
66
376
270
12
120
141
373
139
74
378
271
234
175
244
0
165
80
98
213
147
151
52
345
332
207
353
175
111
65
152
251
132
60
283
341
207
319
217
51
285
61
337
27
188
4
157
258
187
120
191
101
154
259
287
123
170
12
22
156
131
152
17
179
329
275
361
120
397
89
291
57
397
169
109
231
87
130
394
309
209
45
161
287
146
44
188
99
172
206
194
122
21
387
162
341
81
142
153
2
5
338
148
380
306
202
224
384
178
263
269
312
191
193
83
245
241
283
221
310
50
229
38
122
186
158
191
5
124
328
395
297
357
227
44
307
252
371
351
108
80
192
336
255
398
269
357
231
348
94
197
-1
49
60
91
48
235
22
252
363
219
183
103
44
298
112
301
380
254
292
195
174
256
139
17
22
248
50
156
370
199
347
198
53
368
397
287
194
369
253
36
224
82
237
370
294
291
271
169
141
271
301
312
303
30
269
33
351
368
354
396
108
90
377
304
396
259
334
394
53
396
90
15
146
230
322
349
114
11
299
211
92
193
242
265
212
218
291
344
218
139
1
172
128
206
100
323
88
218
305
226
346
20
279
276
139
238
103
256
195
260
81
87
302
100
390
325
371
174
310
348
65
191
198
2
110
289
48
361
283
158
388
211
29
210
36
390
346
272
229
139
139
130
6
138
153
163
380
102
361
350
72
101
123
163
249
292
331
176
115
227
211
10
366
201
25
325
93
116
0
169
182
239
84
52
330
68
272
333
191
166
287
315
119
197
311
370
28
209
225
313
142
297
60
253
365
70
112
233
17
352
398
23
133
141
96
115
36
254
243
350
128
61
6
73
327
352
350
353
209
43
149
144
171
284
106
224
255
76
182
284
177
35
213
211
83
328
14
20
72
201
139
15
312
255
242
203
377
146
227
213
213
144
216
14
69
69
242
202
176
248
198
37
290
365
142
29
321
183
339
27
14
217
180
10
78
374
311
52
196
320
197
295
124
257
276
72
380
147
310
116
17
266
104
130
337
240
0
254
213
189
395
382
152
136
287
51
344
232
237
350
14
310
325
140
276
230
191
248
341
5
237
133
375
231
329
388
371
358
63
36
28
212
78
163
45
249
226
64
349
15
77
222
302
345
279
307
247
127
181
347
59
108
180
88
69
9
108
194
13
378
121
201
5
295
219
12
39
165
294
350
359
109
192
79
44
99
342
134
230
134
273
329
268
133
350
126
44
377
141
44
114
351
45
5
116
326
286
302
351
318
120
211
282
3
245
209
192
17
246
114
161
353
297
204
292
151
168
178
152
73
229
358
43
259
397
254
14
208
63
161
136
368
276
355
329
26
312
180
360
246
13
118
308
340
340
327
15
380
44
320
365
131
332
233
352
252
180
394
297
60
37
314
285
344
231
302
212
74
346
38
388
264
262
258
194
398
308
284
208
122
94
236
59
51
220
305
381
378
28
3
157
55
314
259
168
162
7
169
311
73
311
340
149
137
155
1
143
378
395
180
219
28
343
294
18
385
347
223
244
274
-1
275
245
291
327
84
347
120
371
68
337
211
383
91
382
354
154
295
161
302
315
181
14
37
220
211
143
25
161
207
169
126
391
324
209
241
213
388
324
214
132
303
50
3
45
356
372
139
105
115
290
40
379
332
54
49
173
62
281
35
276
142
74
211
345
95
283
340
164
167
20
5
169
18
133
377
45
258
1
301
396
182
132
143
396
115
128
211
188
348
283
331
45
49
259
393
347
136
299
377
191
312
212
218
-1
166
236
253
138
214
302
179
112
295
255
169
367
63
74
106
141
397
366
143
294
291
123
355
26
28
26
32
59
282
284
209
262
3
57
334
105
148
296
63
354
203
289
375
332
83
247
241
99
338
392
109
98
326
362
317
81
296
357
320
129
105
296
86
192
153
298
282
122
391
198
0
30
251
169
276
175
275
329
67
387
307
85
282
398
291
184
77
189
201
101
258
60
348
96
112
237
369
209
131
126
5
315
125
12
64
5
390
56
56
355
235
188
116
57
205
271
94
294
291
146
21
278
218
351
87
44
100
128
230
65
369
246
122
283
48
370
182
81
-1
32
272
321
39
325
384
322
80
267
381
28
56
366
242
206
1
120
178
70
195
75
107
199
255
332
74
232
20
256
15
106
301
291
267
298
358
241
370
252
108
62
147
313
93
30
233
125
362
215
378
292
86
1
176
282
40
67
238
355
151
40
122
119
182
315
47
97
342
191
354
2
18
182
51
188
123
187
394
330
241
337
53
24
133
114
288
83
187
164
2
42
181
371
136
352
147
268
324
196
107
146
28
303
94
55
20
224
327
378
97
42
221
44
203
203
152
307
179
397
279
372
151
102
392
142
12
333
97
379
220
211
133
153
331
187
204
111
356
34
295
37
363
142
350
360
303
142
292
349
47
35
297
207
360
202
18
164
212
41
27
333
174
368
372
291
55
271
74
206
319
291
249
319
363
224
363
322
234
205
210
226
24
219
175
133
35
33
81
347
313
35
329
15
250
370
318
326
293
41
172
164
200
92
150
327
211
340
321
305
176
232
71
38
305
34
255
285
396
339
18
211
229
371
107
322
152
379
314
190
98
298
24
11
161
168
216
9
131
196
258
124
274
235
122
10
250
174
92
295
136
34
43
398
25
14
315
294
242
380
156
185
299
281
146
245
241
235
323
60
30
232
213
135
257
21
106
20
167
397
79
196
123
207
266
395
343
242
355
213
94
226
41
206
148
123
47
149
352
217
224
116
41
324
336
209
372
232
283
224
243
260
267
62
367
39
93
359
114
131
22
82
377
10
354
293
182
89
164
270
32
323
65
260
167
231
333
184
228
171
29
380
218
262
222
114
43
380
321
288
233
278
33
77
257
44
314
99
94
116
94
172
269
246
394
279
254
393
220
148
320
365
217
367
26
230
314
258
155
374
239
377
11
381
42
309
323
197
340
53
248
87
285
347
51
191
176
384
141
19
95
146
204
159
108
112
95
119
146
23
388
88
384
352
38
310
301
152
0
251
125
65
164
202
252
108
41
6
269
152
330
42
119
337
107
229
152
53
80
228
82
174
134
149
140
312
364
302
149
203
29
89
327
99
398
342
264
204
298
3
256
108
270
304
251
277
140
63
109
77
90
188
136
353
347
72
272
24
192
163
36
324
6
245
150
223
341
195
4
111
105
155
365
121
107
202
324
321
114
46
89
105
281
108
49
237
4
134
171
128
140
23
57
396
111
38
312
232
44
79
162
249
308
137
239
360
196
44
329
27
83
242
209
189
16
347
184
345
181
174
349
1
118
1
87
88
94
166
5
157
223
200
302
101
230
105
10
326
153
175
357
10
194
355
131
222
217
362
170
204
-1
310
350
107
170
253
393
21
312
0
329
334
331
247
128
256
252
310
184
280
54
366
252
93
185
277
207
399
170
190
159
28
214
213
357
355
228
60
309
245
248
209
334
195
56
4
32
227
372
246
134
342
123
43
156
127
12
61
146
52
241
19
90
122
287
392
171
384
338
327
318
100
392
276
17
342
385
134
208
138
225
116
66
292
130
99
274
378
361
5
184
238
309
245
230
212
115
53
31
186
165
210
86
307
44
26
261
399
239
288
229
125
30
127
123
223
200
329
223
335
149
97
227
181
342
136
171
117
39
265
158
52
123
246
218
214
144
378
8
38
230
124
36
205
86
239
159
204
274
229
233
60
354
349
199
315
162
33
280
275
309
212
7
352
69
375
224
280
75
143
217
305
97
179
177
346
170
156
176
60
289
147
72
293
257
22
94
56
266
171
292
130
275
240
395
297
337
399
73
157
329
7
106
216
300
16
104
255
34
32
396
315
374
344
207
378
280
159
49
360
363
142
124
48
93
188
10
24
18
32
70
361
397
338
97
396
275
129
137
157
258
321
50
253
315
294
297
336
377
341
172
136
78
47
43
47
151
170
316
271
310
217
22
103
-1
44
200
212
61
295
122
325
252
195
211
326
130
260
116
42
42
193
69
91
84
8
88
231
229
395
246
83
15
315
359
249
-1
42
114
336
133
254
12
171
17
348
45
141
286
338
45
268
341
291
358
301
152
32
343
118
3
18
338
70
246
244
305
338
23
301
58
74
357
377
311
261
162
363
39
325
42
177
282
193
346
288
298
217
69
157
290
295
299
153
292
224
249
282
118
38
172
69
290
327
81
341
104
24
95
342
258
323
170
240
283
353
206
127
309
56
140
363
234
249
166
319
360
132
49
19
252
389
395
155
172
296
209
159
247
375
201
38
137
293
143
120
284
54
227
184
-1
81
230
72
189
249
283
241
281
339
155
189
135
205
128
200
36
41
223
141
196
215
135
126
69
85
316
376
176
68
197
32
150
100
188
386
232
64
258
384
255
152
346
225
312
26
162
344
133
286
286
306
74
87
161
260
142
189
143
211
307
165
297
382
154
352
142
161
229
150
321
7
24
153
211
223
203
188
98
132
40
295
344
399
306
165
160
292
369
352
11
299
164
315
259
116
132
81
68
251
230
202
189
176
141
339
305
367
327
333
331
86
61
141
249
105
9
71
2
357
378
296
137
353
147
251
337
143
105
129
278
35
142
86
355
288
342
217
50
144
58
277
334
394
307
395
359
73
137
246
204
27
321
226
16
169
367
69
68
341
189
160
367
250
394
199
232
346
71
124
144
162
340
14
296
384
292
234
379
365
181
173
391
167
294
151
186
151
145
135
122
127
264
275
46
218
5
241
113
59
300
47
124
213
364
311
69
101
1
178
217
275
389
219
125
111
90
112
357
83
274
9
34
278
88
83
54
129
75
147
228
226
16
133
264
296
213
83
16
283
18
10
326
116
88
203
122
236
368
113
188
372
-1
56
331
132
35
46
26
225
275
231
212
29
230
-1
63
76
190
92
322
172
146
4
298
80
66
158
382
288
249
0
76
350
67
307
153
348
352
154
144
178
4
69
356
320
245
120
397
189
113
55
176
166
357
380
156
312
96
146
338
260
389
105
50
52
390
31
112
296
119
171
37
36
65
187
251
187
27
227
187
242
387
345
72
169
118
68
25
289
288
94
124
380
174
230
86
139
347
174
326
213
286
201
387
2
168
16
378
44
204
114
348
365
338
317
85
310
13
283
-1
286
370
294
362
308
95
229
132
352
22
346
179
197
91
34
112
371
304
346
157
382
38
240
294
199
287
204
223
217
311
7
173
107
245
345
308
257
138
117
291
350
62
246
157
200
316
92
187
168
253
36
40
109
391
212
142
62
318
90
373
144
100
379
37
321
261
53
251
81
389
125
57
336
97
52
319
360
35
307
88
363
187
252
179
280
227
300
194
262
265
363
112
204
264
220
341
303
200
167
89
148
53
202
287
140
379
337
27
239
254
245
243
324
305
24
139
310
222
41
177
262
286
248
340
207
148
390
202
35
7
101
232
340
125
165
164
59
226
365
397
362
226
136
268
135
231
23
249
120
345
277
313
161
245
307
300
388
223
155
296
368
127
192
355
351
198
11
166
251
301
254
28
328
367
344
374
392
305
79
97
162
259
7
348
37
17
51
135
298
64
367
156
141
145
324
252
139
261
138
5
59
68
68
91
307
210
195
236
29
158
225
40
122
112
111
36
139
281
309
174
128
92
351
261
310
335
29
101
278
13
330
161
155
278
16
281
37
69
301
370
349
348
282
132
263
150
195
264
355
15
195
116
269
222
115
383
99
45
381
141
323
39
204
70
48
131
381
77
33
21
92
214
336
173
38
163
207
81
108
172
237
0
151
70
377
333
97
261
8
352
349
9
320
170
243
185
247
300
263
183
63
310
265
194
207
320
264
314
21
213
28
345
185
274
217
290
174
41
374
313
383
338
163
32
337
49
245
241
241
80
173
339
173
388
216
328
135
48
119
84
326
22
129
203
380
30
255
102
351
176
392
368
371
27
97
147
245
197
34
-1
14
375
140
270
296
345
353
33
21
108
148
259
65
370
63
384
256
245
305
167
77
266
163
112
350
297
40
272
186
145
215
327
89
69
290
196
348
398
363
297
331
13
352
78
130
389
353
16
90
37
321
348
298
382
58
176
75
362
77
166
265
152
73
261
255
145
133
47
41
294
311
90
261
15
94
146
338
178
69
175
339
101
15
104
180
156
70
78
300
270
275
354
317
225
172
-1
111
12
337
289
341
151
358
111
298
161
81
247
96
120
153
393
44
49
167
376
227
142
126
76
59
318
17
35
146
197
278
165
196
305
153
73
9
167
70
160
82
270
245
214
62
292
202
264
271
363
51
6
253
197
19
53
36
202
230
273
29
234
222
231
269
120
232
382
301
10
137
23
387
55
243
111
95
104
45
12
131
235
259
51
396
82
125
307
332
331
292
49
388
305
90
348
50
187
0
71
299
130
260
138
0
369
112
279
173
135
102
86
267
62
111
265
288
36
34
342
245
327
330
59
392
368
279
248
328
15
45
51
278
83
263
347
338
66
83
373
320
171
396
347
331
364
244
311
103
35
21
74
258
229
267
17
144
388
208
65
298
116
44
265
24
114
284
6
330
85
38
385
291
323
308
240
17
349
386
210
116
56
-1
63
44
230
336
226
225
42
108
166
48
264
109
322
196
176
361
343
138
247
107
194
274
259
267
297
149
28
241
379
197
236
396
164
353
210
85
394
242
342
279
27
2
288
5
282
24
360
297
155
136
311
371
180
159
325
363
67
7
210
223
214
211
268
300
359
390
258
176
177
162
374
54
91
397
74
394
69
65
315
362
3
146
316
301
259
196
190
275
312
184
94
275
384
103
306
174
19
171
244
29
137
336
76
209
85
375
173
345
191
58
114
8
154
69
253
102
324
318
-1
127
336
363
295
62
6
111
225
113
98
27
146
199
50
54
89
40
304
143
218
252
317
329
308
101
335
103
255
218
140
357
55
256
1
159
206
45
376
266
17
291
96
35
297
258
126
268
213
142
124
34
315
55
54
176
289
25
63
338
313
399
13
222
393
41
268
49
155
75
26
282
320
302
367
344
39
322
212
279
110
323
396
162
78
362
89
21
152
393
165
1
281
257
69
298
56
158
195
204
157
378
12
257
323
284
187
293
210
162
287
59
283
396
138
353
368
144
330
-1
254
29
38
236
127
270
274
67
215
214
23
247
384
64
110
109
316
307
56
63
131
191
265
224
143
375
54
87
2
3
217
77
252
90
128
92
88
266
141
34
130
52
233
224
292
349
340
244
11
102
89
0
78
131
359
105
175
275
298
245
327
300
222
60
80
374
358
347
243
257
244
293
122
28
268
210
70
63
256
127
287
106
78
282
132
125
104
396
187
246
299
252
168
263
40
361
93
173
121
94
196
231
238
127
252
83
32
122
251
225
377
218
254
242
48
230
157
146
288
22
249
293
41
82
2
183
94
50
394
324
230
287
216
383
308
246
112
38
156
47
28
138
233
70
81
271
150
299
192
72
289
257
-1
296
216
203
45
113
268
238
383
368
383
194
319
23
366
278
2
124
191
193
362
4
209
328
76
88
23
11
359
363
376
294
15
197
346
44
297
140
291
299
365
28
270
331
73
156
135
29
70
359
217
327
51
222
136
310
109
91
378
210
317
101
18
205
357
106
167
289
101
162
233
340
12
322
54
41
100
25
274
208
395
7
348
381
9
288
216
185
261
219
242
288
4
61
144
111
184
302
16
182
27
268
300
73
163
77
153
348
279
38
279
164
269
197
351
310
51
223
233
112
189
1
155
101
359
59
290
304
291
44
82
222
134
84
342
364
387
75
315
177
317
114
61
367
121
196
367
336
64
70
219
139
1
349
392
192
364
117
326
380
97
251
195
168
209
266
274
235
220
192
312
122
292
303
325
266
60
88
306
115
95
145
387
245
166
20
23
354
384
135
141
333
120
56
279
142
153
345
268
349
229
112
113
169
325
8
306
267
364
53
95
218
82
390
355
386
309
37
166
121
111
157
71
45
348
279
294
294
262
328
225
2
13
158
247
270
9
378
52
117
-1
397
17
340
359
322
51
179
250
344
67
300
234
6
380
34
153
29
129
164
196
265
324
33
265
204
203
361
32
354
398
396
21
321
395
239
173
38
150
272
50
350
182
292
279
228
236
28
250
9
36
37
353
308
148
120
259
54
382
256
194
138
309
289
118
6
146
365
119
204
56
68
394
356
69
238
297
294
144
368
82
17
18
329
258
6
58
229
197
29
399
129
244
105
208
252
47
120
254
204
184
26
286
295
43
350
193
339
104
27
118
204
149
232
375
116
247
1
399
217
222
85
248
53
69
266
360
353
395
115
222
129
374
204
28
17
190
267
126
392
2
383
329
74
122
294
20
14
155
369
241
35
88
70
224
12
321
189
332
175
53
0
93
69
234
32
25
106
371
330
240
21
338
13
75
326
257
203
342
199
312
251
300
52
136
67
325
139
301
135
340
106
389
149
183
107
181
34
317
354
70
30
111
260
322
389
57
61
7
377
159
287
44
22
9
15
398
75
215
122
330
0
208
35
272
7
98
372
216
104
372
304
165
80
316
118
315
235
180
340
283
83
242
125
51
284
350
393
169
97
277
332
334
316
38
167
204
304
307
105
259
381
178
325
50
33
238
119
134
288
292
94
306
143
28
172
237
-1
-1
-1
-1
